         0.0000000         0.0000000         0.0000000        10.0000000       274.5900269
        -0.5800000         0.0000000        -0.0000000        -0.0000000       270.1149902         3.2102728        -0.0000000        -0.0000000        -0.0099502         0.0000000         0.0000000         0.0000000
         0.5800000         1.1600000         0.0000000         0.0000000       270.4019775         3.2811036        -0.0000000        -0.0000000        -0.0000000         0.0000000         0.0000000         0.0000000
         2.0200000         2.8800001         0.0000000         0.0000000       270.8275146         3.3861473        -0.0000000        -0.0000000        -0.0000000         0.0000000         0.0000000         0.0000000
         4.0799999         5.2800002         0.0000000         0.0000000       271.4212646         3.5327563        -0.0000000        -0.0000000        -0.0000000         0.0000000         0.0000000         0.0000000
         6.8699999         8.4600000         0.0000000         0.0000000       272.2080078         3.7270796        -0.0000000        -0.0000000        -0.0000000         0.0000000         0.0000000         0.0000000
        10.4300003        12.3999996         0.0000000         0.0000000       272.8042603         3.9679492        -0.0000000        -0.0000000        -0.0000000         0.0000000         0.0000000         0.0000000
        14.7600002        17.1200008         0.0000000         0.0000000       273.2276611         4.1412120        -0.0000000        -0.0000000        -0.0000000         0.0000000         0.0000000         0.0000000
        19.8199997        22.5200005         0.0000000         0.0000000       273.6835632         4.1775122        -0.0000000        -0.0000000        -0.0000000         0.0000000         0.0000000         0.0000000
        25.5200005        28.5200005         0.0000000         0.0000000       274.1539612         4.2178493        -0.0000000        -0.0000000        -0.0000000         0.0000000         0.0000000         0.0000000
        31.7800007        35.0400009         0.0000000         0.0000000       274.5900269         4.2616849        -0.0000000        -0.0000000        -0.0000000         0.0000000         0.0000000         0.0000000
        38.5100021        41.9799995         0.0000000         0.0000000       274.9748840         4.3083487        -0.0000000        -0.0000000        -0.0000000         0.0000000         0.0000000         0.0000000
        45.6399994        49.2999992         0.0000000         0.0000000       275.2332764         4.3493710        -0.0000000        -0.0000000        -0.0000000         0.0000000         0.0000000         0.0000000
        53.0999985        56.9000015         0.0000000         0.0000000       275.6471558         4.3525329        -0.0000000        -0.0000000        -0.0000000         0.0000000         0.0000000         0.0000000
        60.8400002        64.7799988         0.0000000         0.0000000       275.9338379         4.3558102        -0.0000000        -0.0000000        -0.0000000         0.0000000         0.0000000         0.0000000
        68.8199997        72.8600006         0.0000000         0.0000000       276.0848999         4.3591714        -0.0000000        -0.0000000        -0.0000000         0.0000000         0.0000000         0.0000000
        77.0100021        81.1600037         0.0000000         0.0000000       276.1677856         4.3626242        -0.0000000        -0.0000000        -0.0000000         0.0000000         0.0000000         0.0000000
        85.3800049        89.5999985         0.0000000         0.0000000       276.2462769         4.3661351        -0.0000000        -0.0000000        -0.0000000         0.0000000         0.0000000         0.0000000
        93.8899994        98.1800003         0.0000000         0.0000000       276.3334351         4.3697047        -0.0000000        -0.0000000        -0.0000000         0.0000000         0.0000000         0.0000000
       102.5400009       106.9000015         0.0000000         0.0000000       276.4189148         4.3733315        -0.0000000        -0.0000000        -0.0000000         0.0000000         0.0000000         0.0000000
       111.3099976       115.7200012         0.0000000         0.0000000       276.5044861         4.3770008        -0.0000000        -0.0000000        -0.0000000         0.0000000         0.0000000         0.0000000
       120.1800003       124.6399994         0.0000000         0.0000000       276.5910034         4.3807116        -0.0000000        -0.0000000        -0.0000000         0.0000000         0.0000000         0.0000000
       129.1399994       133.6399994         0.0000000         0.0000000       276.6783142         4.3844552        -0.0000000        -0.0000000        -0.0000000         0.0000000         0.0000000         0.0000000
       138.1799927       142.7200012         0.0000000         0.0000000       276.7663879         4.3882327        -0.0000000        -0.0000000        -0.0000000         0.0000000         0.0000000         0.0000000
       147.3000031       151.8800049         0.0000000         0.0000000       276.8624878         4.4007483        -0.0000000        -0.0000000        -0.0000000         0.0000000         0.0000000         0.0000000
       156.4900055       161.1000061         0.0000000         0.0000000       276.9875183         4.4162512        -0.0000000        -0.0000000        -0.0000000         0.0000000         0.0000000         0.0000000
       165.7400055       170.3800049         0.0000000         0.0000000       277.1133728         4.4318547        -0.0000000        -0.0000000        -0.0000000         0.0000000         0.0000000         0.0000000
       175.0400085       179.6999969         0.0000000         0.0000000       277.2397461         4.4475265        -0.0000000        -0.0000000        -0.0000000         0.0000000         0.0000000         0.0000000
       184.3899994       189.0800018         0.0000000         0.0000000       277.3669434         4.4677110        -0.0000000        -0.0000000        -0.0000000         0.0000000         0.0000000         0.0000000
       193.7799988       198.4799957         0.0000000         0.0000000       277.4944153         4.4886503        -0.0000000        -0.0000000        -0.0000000         0.0000000         0.0000000         0.0000000
       203.2099915       207.9400024         0.0000000         0.0000000       277.5939331         4.5097246        -0.0000000        -0.0000000        -0.0000000         0.0000000         0.0000000         0.0000000
       212.6900024       217.4400024         0.0000000         0.0000000       277.6883545         4.5308886        -0.0000000        -0.0000000        -0.0000000         0.0000000         0.0000000         0.0000000
       222.2099915       226.9799957         0.0000000         0.0000000       277.7831726         4.5521421        -0.0000000        -0.0000000        -0.0000000         0.0000000         0.0000000         0.0000000
       231.7599945       236.5399933         0.0000000         0.0000000       277.8782043         4.5734420        -0.0000000        -0.0000000        -0.0000000         0.0000000         0.0000000         0.0000000
       241.3299866       246.1199951         0.0000000         0.0000000       277.9734192         4.5947871        -0.0000000        -0.0000000        -0.0000000         0.0000000         0.0000000         0.0000000
       250.9299927       255.7400055         0.0000000         0.0000000       278.0557251         4.6162219        -0.0000000        -0.0000000        -0.0000000         0.0000000         0.0000000         0.0000000
       260.5700073       265.3999939         0.0000000         0.0000000       278.1293335         4.5522041        -0.0000000        -0.0000000        -0.0000000         0.0000000         0.0000000         0.0000000
       270.2299805       275.0599976         0.0000000         0.0000000       278.2029419         4.4620752        -0.0000000        -0.0000000        -0.0000000         0.0000000         0.0000000         0.0000000
       279.9100037       284.7600098         0.0000000         0.0000000       278.2768860         4.3715897        -0.0000000        -0.0000000        -0.0000000         0.0000000         0.0000000         0.0000000
       289.6099854       294.4599915         0.0000000         0.0000000       278.3507996         4.2811198        -0.0000000        -0.0000000        -0.0000000         0.0000000         0.0000000         0.0000000
       299.3300171       304.2000122         0.0000000         0.0000000       278.4084473         4.1902933        -0.0000000        -0.0000000        -0.0000000         0.0000000         0.0000000         0.0000000
       309.0800171       313.9599915         0.0000000         0.0000000       278.4443665         4.0992975        -0.0000000        -0.0000000        -0.0000000         0.0000000         0.0000000         0.0000000
       318.8399963       323.7200012         0.0000000         0.0000000       278.4802856         4.0083179        -0.0000000        -0.0000000        -0.0000000         0.0000000         0.0000000         0.0000000
       328.6199951       333.5199890         0.0000000         0.0000000       278.5163574         3.9169817        -0.0000000        -0.0000000        -0.0000000         0.0000000         0.0000000         0.0000000
       338.4199829       343.3200073         0.0000000         0.0000000       278.5524292         3.8256621        -0.0000000        -0.0000000        -0.0000000         0.0000000         0.0000000         0.0000000
       348.2300110       353.1400146         0.0000000         0.0000000       278.5828857         3.7341728        -0.0000000        -0.0000000        -0.0000000         0.0000000         0.0000000         0.0000000
       358.0499878       362.9599915         0.0000000         0.0000000       278.6013489         3.6427009        -0.0000000        -0.0000000        -0.0000000         0.0000000         0.0000000         0.0000000
       367.8900146       372.8200073         0.0000000         0.0000000       278.6199036         3.5508723        -0.0000000        -0.0000000        -0.0000000         0.0000000         0.0000000         0.0000000
       377.7500000       382.6799927         0.0000000         0.0000000       278.6384277         3.4590611        -0.0000000        -0.0000000        -0.0000000         0.0000000         0.0000000         0.0000000
       387.6199951       392.5599976         0.0000000         0.0000000       278.6570129         3.3670802        -0.0000000        -0.0000000        -0.0000000         0.0000000         0.0000000         0.0000000
       397.5000000       402.4400024         0.0000000         0.0000000       278.6752930         3.2751162        -0.0000000        -0.0000000        -0.0000000         0.0000000         0.0000000         0.0000000
       407.3900146       412.3399963         0.0000000         0.0000000       278.6927185         3.1829829        -0.0000000        -0.0000000        -0.0000000         0.0000000         0.0000000         0.0000000
       417.2899780       422.2399902         0.0000000         0.0000000       278.7101440         3.0908666        -0.0000000        -0.0000000        -0.0000000         0.0000000         0.0000000         0.0000000
       427.2000122       432.1600037         0.0000000         0.0000000       278.7276001         2.9985809        -0.0000000        -0.0000000        -0.0000000         0.0000000         0.0000000         0.0000000
       437.1199951       442.0799866         0.0000000         0.0000000       278.7450562         2.9063127        -0.0000000        -0.0000000        -0.0000000         0.0000000         0.0000000         0.0000000
       447.0499878       452.0199890         0.0000000         0.0000000       278.7597351         2.8138754        -0.0000000        -0.0000000        -0.0000000         0.0000000         0.0000000         0.0000000
       457.0000000       461.9800110         0.0000000         0.0000000       278.7633057         2.7212687        -0.0000000        -0.0000000        -0.0000000         0.0000000         0.0000000         0.0000000
       466.9500122       471.9200134         0.0000000         0.0000000       278.7669067         2.6288655        -0.0000000        -0.0000000        -0.0000000         0.0000000         0.0000000         0.0000000
       476.9000244       481.8800049         0.0000000         0.0000000       278.7704773         2.5362933        -0.0000000        -0.0000000        -0.0000000         0.0000000         0.0000000         0.0000000
       486.8699951       491.8599854         0.0000000         0.0000000       278.7740784         2.4435523        -0.0000000        -0.0000000        -0.0000000         0.0000000         0.0000000         0.0000000
       496.8499756       501.8399963         0.0000000         0.0000000       278.7790833         2.3508286        -0.0000000        -0.0000000        -0.0000000         0.0000000         0.0000000         0.0000000
       506.8300171       511.8200073         0.0000000         0.0000000       278.7902527         2.2581217        -0.0000000        -0.0000000        -0.0000000         0.0000000         0.0000000         0.0000000
       516.8200073       521.8200073         0.0000000         0.0000000       278.8014526         2.1652465        -0.0000000        -0.0000000        -0.0000000         0.0000000         0.0000000         0.0000000
       526.8200073       531.8200073         0.0000000         0.0000000       278.8126526         2.0723889        -0.0000000        -0.0000000        -0.0000000         0.0000000         0.0000000         0.0000000
       536.8300171       541.8400269         0.0000000         0.0000000       278.8238831         1.9793620        -0.0000000        -0.0000000        -0.0000000         0.0000000         0.0000000         0.0000000
       546.8400269       551.8400269         0.0000000         0.0000000       278.8399658         1.8810623        -0.0000000        -0.0000000        -0.0000000         0.0000000         0.0000000         0.0000000
       556.8599854       561.8800049         0.0000000         0.0000000       278.8778992         1.7580121        -0.0000000        -0.0000000        -0.0000000         0.0000000         0.0000000         0.0000000
       566.8900146       571.9000244         0.0000000         0.0000000       278.9158020         1.6352366        -0.0000000        -0.0000000        -0.0000000         0.0000000         0.0000000         0.0000000
       576.9200439       581.9400024         0.0000000         0.0000000       278.9537354         1.5122470        -0.0000000        -0.0000000        -0.0000000         0.0000000         0.0000000         0.0000000
       586.9599609       591.9799805         0.0000000         0.0000000       278.9916992         1.3892875        -0.0000000        -0.0000000        -0.0000000         0.0000000         0.0000000         0.0000000
       597.0000000       602.0200195         0.0000000         0.0000000       279.1200256         1.2663573        -0.0000000        -0.0000000        -0.0000000         0.0000000         0.0000000         0.0000000
       607.0400391       612.0599976         0.0000000         0.0000000       279.6071472         1.1434580        -0.0000000        -0.0000000        -0.0000000         0.0000000         0.0000000         0.0000000
       617.0899658       622.1199951         0.0000000         0.0000000       280.0952759         1.0203440        -0.0000000        -0.0000000        -0.0000000         0.0000000         0.0000000         0.0000000
       627.1500244       632.1799927         0.0000000         0.0000000       280.5833740         0.8972603        -0.0000000        -0.0000000        -0.0000000         0.0000000         0.0000000         0.0000000
       637.2099609       642.2399902         0.0000000         0.0000000       281.0714722         0.7742068        -0.0000000        -0.0000000        -0.0000000         0.0000000         0.0000000         0.0000000
       647.2800293       652.3200073         0.0000000         0.0000000       281.5014648         0.6509387        -0.0000000        -0.0000000        -0.0000000         0.0000000         0.0000000         0.0000000
       657.3599854       662.4000244         0.0000000         0.0000000       281.7337036         0.6318473        -0.0000000        -0.0000000        -0.0000000         0.0000000         0.0000000         0.0000000
       667.4300537       672.4600220         0.0000000         0.0000000       281.9654846         0.6335839        -0.0000000        -0.0000000        -0.0000000         0.0000000         0.0000000         0.0000000
       677.5100098       682.5599976         0.0000000         0.0000000       282.1981812         0.6353275        -0.0000000        -0.0000000        -0.0000000         0.0000000         0.0000000         0.0000000
       687.5999756       692.6400146         0.0000000         0.0000000       282.4304199         0.6370677        -0.0000000        -0.0000000        -0.0000000         0.0000000         0.0000000         0.0000000
       697.6900024       702.7399902         0.0000000         0.0000000       282.6466980         0.6388113        -0.0000000        -0.0000000        -0.0000000         0.0000000         0.0000000         0.0000000
       707.7800293       712.8200073         0.0000000         0.0000000       282.8184509         0.5780134        -0.0000000        -0.0000000        -0.0000000         0.0000000         0.0000000         0.0000000
       717.8699951       722.9199829         0.0000000         0.0000000       282.9905701         0.2835724        -0.0000000        -0.0000000        -0.0000000         0.0000000         0.0000000         0.0000000
       727.9799805       733.0399780         0.0000000         0.0000000       283.1629944         0.3237555        -0.0000000        -0.0000000        -0.0000000         0.0000000         0.0000000         0.0000000
       738.0899658       743.1400146         0.0000000         0.0000000       283.3351135         0.3638625        -0.0000000        -0.0000000        -0.0000000         0.0000000         0.0000000         0.0000000
       748.1900024       753.2399902         0.0000000         0.0000000       283.4714966         0.4039726        -0.0000000        -0.0000000        -0.0000000         0.0000000         0.0000000         0.0000000
       758.2999878       763.3599854         0.0000000         0.0000000       283.5324097         0.4441654        -0.0000000        -0.0000000        -0.0000000         0.0000000         0.0000000         0.0000000
       768.4199829       773.4799805         0.0000000         0.0000000       283.5933533         0.4843614        -0.0000000        -0.0000000        -0.0000000         0.0000000         0.0000000         0.0000000
       778.5399780       783.5999756         0.0000000         0.0000000       283.6542664         0.5110792        -0.0000000        -0.0000000        -0.0000000         0.0000000         0.0000000         0.0000000
       788.6599731       793.7199707         0.0000000         0.0000000       283.7151794         0.5133816        -0.0000000        -0.0000000        -0.0000000         0.0000000         0.0000000         0.0000000
       798.7899780       803.8599854         0.0000000         0.0000000       283.8310547         0.5156885        -0.0000000        -0.0000000        -0.0000000         0.0000000         0.0000000         0.0000000
       808.9199829       813.9799805         0.0000000         0.0000000       284.0356750         0.5179909        -0.0000000        -0.0000000        -0.0000000         0.0000000         0.0000000         0.0000000
       819.0499878       824.1199951         0.0000000         0.0000000       284.2406921         0.5203896        -0.0000000        -0.0000000        -0.0000000         0.0000000         0.0000000         0.0000000
       829.1900024       834.2600098         0.0000000         0.0000000       284.4457397         0.5304445        -0.0000000        -0.0000000        -0.0000000         0.0000000         0.0000000         0.0000000
       839.3200073       844.3800049         0.0000000         0.0000000       284.6503601         0.5404797        -0.0000000        -0.0000000        -0.0000000         0.0000000         0.0000000         0.0000000
       849.4599609       854.5399780         0.0000000         0.0000000       284.8281250         0.5505548        -0.0000000        -0.0000000        -0.0000000         0.0000000         0.0000000         0.0000000
       859.6099854       864.6799927         0.0000000         0.0000000       284.9712830         0.5606103        -0.0000000        -0.0000000        -0.0000000         0.0000000         0.0000000         0.0000000
       869.7500000       874.8200073         0.0000000         0.0000000       285.1144714         0.5706661        -0.0000000        -0.0000000        -0.0000000         0.0000000         0.0000000         0.0000000
       879.9000244       884.9799805         0.0000000         0.0000000       285.2579346         0.5807418        -0.0000000        -0.0000000        -0.0000000         0.0000000         0.0000000         0.0000000
       890.0499878       895.1199951         0.0000000         0.0000000       285.4010925         0.5907979        -0.0000000        -0.0000000        -0.0000000         0.0000000         0.0000000         0.0000000
       900.2000122       905.2800293         0.0000000         0.0000000       285.5113831         0.6008741        -0.0000000        -0.0000000        -0.0000000         0.0000000         0.0000000         0.0000000
       910.3599854       915.4400024         0.0000000         0.0000000       285.5910645         0.6109505        -0.0000000        -0.0000000        -0.0000000         0.0000000         0.0000000         0.0000000
       920.5200195       925.5999756         0.0000000         0.0000000       285.6707153         0.6210270        -0.0000000        -0.0000000        -0.0000000         0.0000000         0.0000000         0.0000000
       930.6799927       935.7600098         0.0000000         0.0000000       285.7503662         0.6311037        -0.0000000        -0.0000000        -0.0000000         0.0000000         0.0000000         0.0000000
       940.8399658       945.9199829         0.0000000         0.0000000       285.8300171         0.6411807        -0.0000000        -0.0000000        -0.0000000         0.0000000         0.0000000         0.0000000
       951.0100098       956.0999756         0.0000000         0.0000000       285.9233704         0.6512777        -0.0000000        -0.0000000        -0.0000000         0.0000000         0.0000000         0.0000000
       961.1799927       966.2600098         0.0000000         0.0000000       286.0255737         0.6613550        -0.0000000        -0.0000000        -0.0000000         0.0000000         0.0000000         0.0000000
       971.3499756       976.4400024         0.0000000         0.0000000       286.1279907         0.6714525        -0.0000000        -0.0000000        -0.0000000         0.0000000         0.0000000         0.0000000
       981.5200195       986.5999756         0.0000000         0.0000000       286.2301941         0.6815302        -0.0000000        -0.0000000        -0.0000000         0.0000000         0.0000000         0.0000000
       991.6900024       996.7800293         0.0000000         0.0000000       286.3326111         0.6916282        -0.0000000        -0.0000000        -0.0000000         0.0000000         0.0000000         0.0000000
      1001.8699951      1006.9600220         0.0000000         0.0000000       286.4351501         0.7017261        -0.0000000        -0.0000000        -0.0000000         0.0000000         0.0000000         0.0000000
      1012.0500488      1017.1400146         0.0000000         0.0000000       286.5377502         0.7118244        -0.0000000        -0.0000000        -0.0000000         0.0000000         0.0000000         0.0000000
      1022.2299805      1027.3199463         0.0000000         0.0000000       286.6403809         0.7219227        -0.0000000        -0.0000000        -0.0000000         0.0000000         0.0000000         0.0000000
      1032.4099121      1037.5000000         0.0000000         0.0000000       286.7429810         0.7309726        -0.0000000        -0.0000000        -0.0000000         0.0000000         0.0000000         0.0000000
      1042.5900879      1047.6800537         0.0000000         0.0000000       286.8456116         0.7339535        -0.0000000        -0.0000000        -0.0000000         0.0000000         0.0000000         0.0000000
      1052.7800293      1057.8800049         0.0000000         0.0000000       286.9310913         0.7369404        -0.0000000        -0.0000000        -0.0000000         0.0000000         0.0000000         0.0000000
      1062.9699707      1068.0600586         0.0000000         0.0000000       287.0112915         0.7399214        -0.0000000        -0.0000000        -0.0000000         0.0000000         0.0000000         0.0000000
      1073.1600342      1078.2600098         0.0000000         0.0000000       287.0916748         0.7429083        -0.0000000        -0.0000000        -0.0000000         0.0000000         0.0000000         0.0000000
      1083.3499756      1088.4399414         0.0000000         0.0000000       287.1719055         0.7458892        -0.0000000        -0.0000000        -0.0000000         0.0000000         0.0000000         0.0000000
      1093.5400391      1098.6400146         0.0000000         0.0000000       287.2522888         0.7488763        -0.0000000        -0.0000000        -0.0000000         0.0000000         0.0000000         0.0000000
      1103.7399902      1108.8399658         0.0000000         0.0000000       287.3351440         0.7518632        -0.0000000        -0.0000000        -0.0000000         0.0000000         0.0000000         0.0000000
      1113.9399414      1119.0400391         0.0000000         0.0000000       287.4183655         0.7548501        -0.0000000        -0.0000000        -0.0000000         0.0000000         0.0000000         0.0000000
      1124.1400146      1129.2399902         0.0000000         0.0000000       287.5015869         0.7578371        -0.0000000        -0.0000000        -0.0000000         0.0000000         0.0000000         0.0000000
      1134.3399658      1139.4399414         0.0000000         0.0000000       287.5848083         0.7608240        -0.0000000        -0.0000000        -0.0000000         0.0000000         0.0000000         0.0000000
      1144.5400391      1149.6400146         0.0000000         0.0000000       287.6680603         0.7638111        -0.0000000        -0.0000000        -0.0000000         0.0000000         0.0000000         0.0000000
      1154.7399902      1159.8399658         0.0000000         0.0000000       287.7908325         0.7667981        -0.0000000        -0.0000000        -0.0000000         0.0000000         0.0000000         0.0000000
      1164.9399414      1170.0400391         0.0000000         0.0000000       287.9150696         0.7697851        -0.0000000        -0.0000000        -0.0000000         0.0000000         0.0000000         0.0000000
      1175.1400146      1180.2399902         0.0000000         0.0000000       288.0393066         0.7727722        -0.0000000        -0.0000000        -0.0000000         0.0000000         0.0000000         0.0000000
      1185.3499756      1190.4599609         0.0000000         0.0000000       288.1637878         0.7757651        -0.0000000        -0.0000000        -0.0000000         0.0000000         0.0000000         0.0000000
      1195.5600586      1200.6600342         0.0000000         0.0000000       288.2839050         0.7787522        -0.0000000        -0.0000000        -0.0000000         0.0000000         0.0000000         0.0000000
      1205.7700195      1210.8800049         0.0000000         0.0000000       288.3446350         0.7845693        -0.0000000        -0.0000000        -0.0000000         0.0000000         0.0000000         0.0000000
      1215.9799805      1221.0799561         0.0000000         0.0000000       288.4052124         0.7949805        -0.0000000        -0.0000000        -0.0000000         0.0000000         0.0000000         0.0000000
      1226.1899414      1231.3000488         0.0000000         0.0000000       288.4659119         0.8054126        -0.0000000        -0.0000000        -0.0000000         0.0000000         0.0000000         0.0000000
      1236.4100342      1241.5200195         0.0000000         0.0000000       288.5266113         0.8158447        -0.0000000        -0.0000000        -0.0000000         0.0000000         0.0000000         0.0000000
      1246.6300049      1251.7399902         0.0000000         0.0000000       288.5874634         0.8262770        -0.0000000        -0.0000000        -0.0000000         0.0000000         0.0000000         0.0000000
      1256.8499756      1261.9599609         0.0000000         0.0000000       288.6489868         0.8367096        -0.0000000        -0.0000000        -0.0000000         0.0000000         0.0000000         0.0000000
      1267.0700684      1272.1800537         0.0000000         0.0000000       288.7105103         0.8471426        -0.0000000        -0.0000000        -0.0000000         0.0000000         0.0000000         0.0000000
      1277.2900391      1282.4000244         0.0000000         0.0000000       288.7720337         0.8575756        -0.0000000        -0.0000000        -0.0000000         0.0000000         0.0000000         0.0000000
      1287.5100098      1292.6199951         0.0000000         0.0000000       288.8335571         0.8680089        -0.0000000        -0.0000000        -0.0000000         0.0000000         0.0000000         0.0000000
      1297.7299805      1302.8399658         0.0000000         0.0000000       288.9065552         0.8784423        -0.0000000        -0.0000000        -0.0000000         0.0000000         0.0000000         0.0000000
      1307.9499512      1313.0600586         0.0000000         0.0000000       289.0093689         0.8888761        -0.0000000        -0.0000000        -0.0000000         0.0000000         0.0000000         0.0000000
      1318.1700439      1323.2800293         0.0000000         0.0000000       289.1121826         0.8993100        -0.0000000        -0.0000000        -0.0000000         0.0000000         0.0000000         0.0000000
      1328.4000244      1333.5200195         0.0000000         0.0000000       289.2152100         0.9097645        -0.0000000        -0.0000000        -0.0000000         0.0000000         0.0000000         0.0000000
      1338.6300049      1343.7399902         0.0000000         0.0000000       289.3180237         0.9201989        -0.0000000        -0.0000000        -0.0000000         0.0000000         0.0000000         0.0000000
      1348.8499756      1353.9599609         0.0000000         0.0000000       289.3970947         0.9306334        -0.0000000        -0.0000000        -0.0000000         0.0000000         0.0000000         0.0000000
      1359.0799561      1364.1999512         0.0000000         0.0000000       289.4386597         0.9445120        -0.0000000        -0.0000000        -0.0000000         0.0000000         0.0000000         0.0000000
      1369.3100586      1374.4200439         0.0000000         0.0000000       289.4801636         1.1299626        -0.0000000        -0.0000000        -0.0000000         0.0000000         0.0000000         0.0000000
      1379.5400391      1384.6600342         0.0000000         0.0000000       289.5217285         1.3158433        -0.0000000        -0.0000000        -0.0000000         0.0000000         0.0000000         0.0000000
      1389.7800293      1394.9000244         0.0000000         0.0000000       289.5632935         1.5017930        -0.0000000        -0.0000000        -0.0000000         0.0000000         0.0000000         0.0000000
      1400.0100098      1405.1199951         0.0000000         0.0000000       289.6353149         1.6198905        -0.0000000        -0.0000000        -0.0000000         0.0000000         0.0000000         0.0000000
      1410.2399902      1415.3599854         0.0000000         0.0000000       289.7379150         1.6380199        -0.0000000        -0.0000000        -0.0000000         0.0000000         0.0000000         0.0000000
      1420.4799805      1425.5999756         0.0000000         0.0000000       289.8405151         1.6561501        -0.0000000        -0.0000000        -0.0000000         0.0000000         0.0000000         0.0000000
      1430.7199707      1435.8399658         0.0000000         0.0000000       289.9431152         1.6742809        -0.0000000        -0.0000000        -0.0000000         0.0000000         0.0000000         0.0000000
      1440.9599609      1446.0799561         0.0000000         0.0000000       290.0457153         1.6924123        -0.0000000        -0.0000000        -0.0000000         0.0000000         0.0000000         0.0000000
      1451.1999512      1456.3199463         0.0000000         0.0000000       290.1375732         1.7105445        -0.0000000        -0.0000000        -0.0000000         0.0000000         0.0000000         0.0000000
      1461.4399414      1466.5600586         0.0000000         0.0000000       290.2227783         1.7286774        -0.0000000        -0.0000000        -0.0000000         0.0000000         0.0000000         0.0000000
      1471.6800537      1476.8000488         0.0000000         0.0000000       290.3079834         1.7346778        -0.0000000        -0.0000000        -0.0000000         0.0000000         0.0000000         0.0000000
      1481.9200439      1487.0400391         0.0000000         0.0000000       290.3931885         1.7368828        -0.0000000        -0.0000000        -0.0000000         0.0000000         0.0000000         0.0000000
      1492.1600342      1497.2800293         0.0000000         0.0000000       290.4783630         1.7390878        -0.0000000        -0.0000000        -0.0000000         0.0000000         0.0000000         0.0000000
      1502.4000244      1507.5200195         0.0000000         0.0000000       290.5769653         1.7412928        -0.0000000        -0.0000000        -0.0000000         0.0000000         0.0000000         0.0000000
      1512.6400146      1517.7600098         0.0000000         0.0000000       290.6803894         1.7434980        -0.0000000        -0.0000000        -0.0000000         0.0000000         0.0000000         0.0000000
      1522.8900146      1528.0200195         0.0000000         0.0000000       290.7840271         1.7457075        -0.0000000        -0.0000000        -0.0000000         0.0000000         0.0000000         0.0000000
      1533.1400146      1538.2600098         0.0000000         0.0000000       290.8874512         1.7479125        -0.0000000        -0.0000000        -0.0000000         0.0000000         0.0000000         0.0000000
      1543.3800049      1548.5000000         0.0000000         0.0000000       290.9908752         1.7501177        -0.0000000        -0.0000000        -0.0000000         0.0000000         0.0000000         0.0000000
      1553.6300049      1558.7600098         0.0000000         0.0000000       291.0776672         1.7523272        -0.0000000        -0.0000000        -0.0000000         0.0000000         0.0000000         0.0000000
      1563.8800049      1569.0000000         0.0000000         0.0000000       291.1614380         1.7545322        -0.0000000        -0.0000000        -0.0000000         0.0000000         0.0000000         0.0000000
      1574.1300049      1579.2600098         0.0000000         0.0000000       291.2453613         1.7567418        -0.0000000        -0.0000000        -0.0000000         0.0000000         0.0000000         0.0000000
      1584.3800049      1589.5000000         0.0000000         0.0000000       291.3291321         1.7589468        -0.0000000        -0.0000000        -0.0000000         0.0000000         0.0000000         0.0000000
      1594.6300049      1599.7600098         0.0000000         0.0000000       291.4130554         1.7611562        -0.0000000        -0.0000000        -0.0000000         0.0000000         0.0000000         0.0000000
      1604.8800049      1610.0000000         0.0000000         0.0000000       291.4338074         1.7633615        -0.0000000        -0.0000000        -0.0000000         0.0000000         0.0000000         0.0000000
      1615.1300049      1620.2600098         0.0000000         0.0000000       291.4530945         1.7655711        -0.0000000        -0.0000000        -0.0000000         0.0000000         0.0000000         0.0000000
      1625.3900146      1630.5200195         0.0000000         0.0000000       291.4723816         1.7677804        -0.0000000        -0.0000000        -0.0000000         0.0000000         0.0000000         0.0000000
      1635.6500244      1640.7800293         0.0000000         0.0000000       291.4916687         1.7699901        -0.0000000        -0.0000000        -0.0000000         0.0000000         0.0000000         0.0000000
      1645.9000244      1651.0200195         0.0000000         0.0000000       291.5216980         1.7721953        -0.0000000        -0.0000000        -0.0000000         0.0000000         0.0000000         0.0000000
      1656.1500244      1661.2800293         0.0000000         0.0000000       291.6493225         1.7744048        -0.0000000        -0.0000000        -0.0000000         0.0000000         0.0000000         0.0000000
      1666.4100342      1671.5400391         0.0000000         0.0000000       291.7769775         1.7766143        -0.0000000        -0.0000000        -0.0000000         0.0000000         0.0000000         0.0000000
      1676.6700439      1681.8000488         0.0000000         0.0000000       291.9046021         1.7788237        -0.0000000        -0.0000000        -0.0000000         0.0000000         0.0000000         0.0000000
      1686.9300537      1692.0600586         0.0000000         0.0000000       292.0322266         1.7810335        -0.0000000        -0.0000000        -0.0000000         0.0000000         0.0000000         0.0000000
      1697.1899414      1702.3199463         0.0000000         0.0000000       292.1543884         1.7832431        -0.0000000        -0.0000000        -0.0000000         0.0000000         0.0000000         0.0000000
      1707.4499512      1712.5799561         0.0000000         0.0000000       292.2578125         1.7854526        -0.0000000        -0.0000000        -0.0000000         0.0000000         0.0000000         0.0000000
      1717.7099609      1722.8399658         0.0000000         0.0000000       292.3612366         1.7876621        -0.0000000        -0.0000000        -0.0000000         0.0000000         0.0000000         0.0000000
      1727.9699707      1733.0999756         0.0000000         0.0000000       292.4646606         1.7898717        -0.0000000        -0.0000000        -0.0000000         0.0000000         0.0000000         0.0000000
      1738.2299805      1743.3599854         0.0000000         0.0000000       292.5680847         1.7920812        -0.0000000        -0.0000000        -0.0000000         0.0000000         0.0000000         0.0000000
      1748.4899902      1753.6199951         0.0000000         0.0000000       292.6655579         1.7942910        -0.0000000        -0.0000000        -0.0000000         0.0000000         0.0000000         0.0000000
      1758.7500000      1763.8800049         0.0000000         0.0000000       292.7521667         1.7965006        -0.0000000        -0.0000000        -0.0000000         0.0000000         0.0000000         0.0000000
      1769.0200195      1774.1600342         0.0000000         0.0000000       292.8389282         1.7987146        -0.0000000        -0.0000000        -0.0000000         0.0000000         0.0000000         0.0000000
      1779.2900391      1784.4200439         0.0000000         0.0000000       292.9255066         1.8009242        -0.0000000        -0.0000000        -0.0000000         0.0000000         0.0000000         0.0000000
      1789.5500488      1794.6800537         0.0000000         0.0000000       293.0121155         1.8031338        -0.0000000        -0.0000000        -0.0000000         0.0000000         0.0000000         0.0000000
      1799.8100586      1804.9399414         0.0000000         0.0000000       293.0761719         1.8053434        -0.0000000        -0.0000000        -0.0000000         0.0000000         0.0000000         0.0000000
      1810.0799561      1815.2199707         0.0000000         0.0000000       293.1160583         1.8075576        -0.0000000        -0.0000000        -0.0000000         0.0000000         0.0000000         0.0000000
      1820.3499756      1825.4799805         0.0000000         0.0000000       293.1558838         1.8097672        -0.0000000        -0.0000000        -0.0000000         0.0000000         0.0000000         0.0000000
      1830.6199951      1835.7600098         0.0000000         0.0000000       293.1957703         1.8119812        -0.0000000        -0.0000000        -0.0000000         0.0000000         0.0000000         0.0000000
      1840.8900146      1846.0200195         0.0000000         0.0000000       293.2355652         1.8141910        -0.0000000        -0.0000000        -0.0000000         0.0000000         0.0000000         0.0000000
      1851.1500244      1856.2800293         0.0000000         0.0000000       293.3157043         1.8164006        -0.0000000        -0.0000000        -0.0000000         0.0000000         0.0000000         0.0000000
      1861.4200439      1866.5600586         0.0000000         0.0000000       293.4215698         1.8186147        -0.0000000        -0.0000000        -0.0000000         0.0000000         0.0000000         0.0000000
      1871.6899414      1876.8199463         0.0000000         0.0000000       293.5272522         1.8208244        -0.0000000        -0.0000000        -0.0000000         0.0000000         0.0000000         0.0000000
      1881.9599609      1887.0999756         0.0000000         0.0000000       293.6331177         1.8230386        -0.0000000        -0.0000000        -0.0000000         0.0000000         0.0000000         0.0000000
      1892.2399902      1897.3800049         0.0000000         0.0000000       293.7390137         1.8252525        -0.0000000        -0.0000000        -0.0000000         0.0000000         0.0000000         0.0000000
      1902.5100098      1907.6400146         0.0000000         0.0000000       293.8307800         1.8274623        -0.0000000        -0.0000000        -0.0000000         0.0000000         0.0000000         0.0000000
      1912.7800293      1917.9200439         0.0000000         0.0000000       293.9179688         1.8296764        -0.0000000        -0.0000000        -0.0000000         0.0000000         0.0000000         0.0000000
      1923.0500488      1928.1800537         0.0000000         0.0000000       294.0049744         1.8318863        -0.0000000        -0.0000000        -0.0000000         0.0000000         0.0000000         0.0000000
      1933.3200684      1938.4599609         0.0000000         0.0000000       294.0921326         1.8341002        -0.0000000        -0.0000000        -0.0000000         0.0000000         0.0000000         0.0000000
      1943.5999756      1948.7399902         0.0000000         0.0000000       294.1793213         1.8363144        -0.0000000        -0.0000000        -0.0000000         0.0000000         0.0000000         0.0000000
      1953.8800049      1959.0200195         0.0000000         0.0000000       294.2248230         1.8385285        -0.0000000        -0.0000000        -0.0000000         0.0000000         0.0000000         0.0000000
      1964.1500244      1969.2800293         0.0000000         0.0000000       294.2644348         1.8407383        -0.0000000        -0.0000000        -0.0000000         0.0000000         0.0000000         0.0000000
      1974.4200439      1979.5600586         0.0000000         0.0000000       294.3041077         1.8429526        -0.0000000        -0.0000000        -0.0000000         0.0000000         0.0000000         0.0000000
      1984.6999512      1989.8399658         0.0000000         0.0000000       294.3437805         1.8451667        -0.0000000        -0.0000000        -0.0000000         0.0000000         0.0000000         0.0000000
      1994.9799805      2000.1199951         0.0000000         0.0000000       294.3837585         1.8473808        -0.0000000        -0.0000000        -0.0000000         0.0000000         0.0000000         0.0000000
      2005.2600098      2010.4000244         0.0000000         0.0000000       294.4483032         1.8495950        -0.0000000        -0.0000000        -0.0000000         0.0000000         0.0000000         0.0000000
      2015.5400391      2020.6800537         0.0000000         0.0000000       294.5128784         1.8518091        -0.0000000        -0.0000000        -0.0000000         0.0000000         0.0000000         0.0000000
      2025.8200684      2030.9599609         0.0000000         0.0000000       294.5774231         1.8540235        -0.0000000        -0.0000000        -0.0000000         0.0000000         0.0000000         0.0000000
      2036.0999756      2041.2399902         0.0000000         0.0000000       294.6419678         1.8562375        -0.0000000        -0.0000000        -0.0000000         0.0000000         0.0000000         0.0000000
      2046.3800049      2051.5200195         0.0000000         0.0000000       294.7062988         1.8584517        -0.0000000        -0.0000000        -0.0000000         0.0000000         0.0000000         0.0000000
      2056.6601562      2061.8000488         0.0000000         0.0000000       294.7691956         1.8606659        -0.0000000        -0.0000000        -0.0000000         0.0000000         0.0000000         0.0000000
      2066.9399414      2072.0800781         0.0000000         0.0000000       294.8321228         1.8628803        -0.0000000        -0.0000000        -0.0000000         0.0000000         0.0000000         0.0000000
      2077.2202148      2082.3601074         0.0000000         0.0000000       294.8950195         1.8650944        -0.0000000        -0.0000000        -0.0000000         0.0000000         0.0000000         0.0000000
      2087.5000000      2092.6398926         0.0000000         0.0000000       294.9579468         1.8673087        -0.0000000        -0.0000000        -0.0000000         0.0000000         0.0000000         0.0000000
      2097.7797852      2102.9199219         0.0000000         0.0000000       295.0210876         1.8695229        -0.0000000        -0.0000000        -0.0000000         0.0000000         0.0000000         0.0000000
      2108.0600586      2113.1999512         0.0000000         0.0000000       295.0848389         1.8717372        -0.0000000        -0.0000000        -0.0000000         0.0000000         0.0000000         0.0000000
      2118.3398438      2123.4799805         0.0000000         0.0000000       295.1485596         1.8739516        -0.0000000        -0.0000000        -0.0000000         0.0000000         0.0000000         0.0000000
      2128.6201172      2133.7600098         0.0000000         0.0000000       295.2123108         1.8761659        -0.0000000        -0.0000000        -0.0000000         0.0000000         0.0000000         0.0000000
      2138.9101562      2144.0600586         0.0000000         0.0000000       295.2761536         1.8783844        -0.0000000        -0.0000000        -0.0000000         0.0000000         0.0000000         0.0000000
      2149.2001953      2154.3400879         0.0000000         0.0000000       295.3485718         1.8805987        -0.0000000        -0.0000000        -0.0000000         0.0000000         0.0000000         0.0000000
      2159.4799805      2164.6201172         0.0000000         0.0000000       295.4328613         1.8828131        -0.0000000        -0.0000000        -0.0000000         0.0000000         0.0000000         0.0000000
      2169.7600098      2174.8999023         0.0000000         0.0000000       295.5171814         1.8850273        -0.0000000        -0.0000000        -0.0000000         0.0000000         0.0000000         0.0000000
      2180.0498047      2185.1999512         0.0000000         0.0000000       295.6016235         1.8872459        -0.0000000        -0.0000000        -0.0000000         0.0000000         0.0000000         0.0000000
      2190.3398438      2195.4799805         0.0000000         0.0000000       295.6859131         1.8894603        -0.0000000        -0.0000000        -0.0000000         0.0000000         0.0000000         0.0000000
      2200.6201172      2205.7600098         0.0000000         0.0000000       295.7705688         1.8916748        -0.0000000        -0.0000000        -0.0000000         0.0000000         0.0000000         0.0000000
      2210.9101562      2216.0600586         0.0000000         0.0000000       295.8556519         1.8938934        -0.0000000        -0.0000000        -0.0000000         0.0000000         0.0000000         0.0000000
      2221.2001953      2226.3400879         0.0000000         0.0000000       295.9405518         1.8961078        -0.0000000        -0.0000000        -0.0000000         0.0000000         0.0000000         0.0000000
      2231.4799805      2236.6201172         0.0000000         0.0000000       296.0254822         1.8983221        -0.0000000        -0.0000000        -0.0000000         0.0000000         0.0000000         0.0000000
      2241.7700195      2246.9199219         0.0000000         0.0000000       296.1105347         1.9005408        -0.0000000        -0.0000000        -0.0000000         0.0000000         0.0000000         0.0000000
      2252.0600586      2257.1999512         0.0000000         0.0000000       296.1960449         1.9027551        -0.0000000        -0.0000000        -0.0000000         0.0000000         0.0000000         0.0000000
      2262.3500977      2267.5000000         0.0000000         0.0000000       296.2819519         1.9049740        -0.0000000        -0.0000000        -0.0000000         0.0000000         0.0000000         0.0000000
      2272.6401367      2277.7800293         0.0000000         0.0000000       296.3676758         1.9071883        -0.0000000        -0.0000000        -0.0000000         0.0000000         0.0000000         0.0000000
      2282.9301758      2288.0800781         0.0000000         0.0000000       296.4535828         1.9094071        -0.0000000        -0.0000000        -0.0000000         0.0000000         0.0000000         0.0000000
      2293.2202148      2298.3601074         0.0000000         0.0000000       296.5393372         1.9116216        -0.0000000        -0.0000000        -0.0000000         0.0000000         0.0000000         0.0000000
      2303.5100098      2308.6599121         0.0000000         0.0000000       296.6240234         1.9138403        -0.0000000        -0.0000000        -0.0000000         0.0000000         0.0000000         0.0000000
      2313.7998047      2318.9399414         0.0000000         0.0000000       296.7083130         1.9160548        -0.0000000        -0.0000000        -0.0000000         0.0000000         0.0000000         0.0000000
      2324.0898438      2329.2399902         0.0000000         0.0000000       296.7927856         1.9182737        -0.0000000        -0.0000000        -0.0000000         0.0000000         0.0000000         0.0000000
      2334.3798828      2339.5200195         0.0000000         0.0000000       296.8770752         1.9204882        -0.0000000        -0.0000000        -0.0000000         0.0000000         0.0000000         0.0000000
      2344.6699219      2349.8200684         0.0000000         0.0000000       296.9615479         1.9227070        -0.0000000        -0.0000000        -0.0000000         0.0000000         0.0000000         0.0000000
      2354.9702148      2360.1201172         0.0000000         0.0000000       296.9834595         1.9249258        -0.0000000        -0.0000000        -0.0000000         0.0000000         0.0000000         0.0000000
      2365.2600098      2370.3999023         0.0000000         0.0000000       297.0042114         1.9271402        -0.0000000        -0.0000000        -0.0000000         0.0000000         0.0000000         0.0000000
      2375.5498047      2380.6999512         0.0000000         0.0000000       297.0250244         1.9293591        -0.0000000        -0.0000000        -0.0000000         0.0000000         0.0000000         0.0000000
      2385.8500977      2391.0000000         0.0000000         0.0000000       297.0458069         1.9315779        -0.0000000        -0.0000000        -0.0000000         0.0000000         0.0000000         0.0000000
      2396.1401367      2401.2800293         0.0000000         0.0000000       297.0692749         1.9331075        -0.0000000        -0.0000000        -0.0000000         0.0000000         0.0000000         0.0000000
      2406.4301758      2411.5800781         0.0000000         0.0000000       297.1116943         1.9101305        -0.0000000        -0.0000000        -0.0000000         0.0000000         0.0000000         0.0000000
      2416.7299805      2421.8798828         0.0000000         0.0000000       297.1541443         1.8871551        -0.0000000        -0.0000000        -0.0000000         0.0000000         0.0000000         0.0000000
      2427.0297852      2432.1799316         0.0000000         0.0000000       297.1965637         1.8641800        -0.0000000        -0.0000000        -0.0000000         0.0000000         0.0000000         0.0000000
      2437.3198242      2442.4599609         0.0000000         0.0000000       297.2389221         1.8412508        -0.0000000        -0.0000000        -0.0000000         0.0000000         0.0000000         0.0000000
      2447.6098633      2452.7600098         0.0000000         0.0000000       297.2755737         1.8182780        -0.0000000        -0.0000000        -0.0000000         0.0000000         0.0000000         0.0000000
      2457.9101562      2463.0600586         0.0000000         0.0000000       297.2963867         1.7953062        -0.0000000        -0.0000000        -0.0000000         0.0000000         0.0000000         0.0000000
      2468.2099609      2473.3601074         0.0000000         0.0000000       297.3171692         1.7723354        -0.0000000        -0.0000000        -0.0000000         0.0000000         0.0000000         0.0000000
      2478.5100098      2483.6599121         0.0000000         0.0000000       297.3379822         1.7493663        -0.0000000        -0.0000000        -0.0000000         0.0000000         0.0000000         0.0000000
      2488.8100586      2493.9599609         0.0000000         0.0000000       297.3587952         1.7263976        -0.0000000        -0.0000000        -0.0000000         0.0000000         0.0000000         0.0000000
      2499.1098633      2504.2600098         0.0000000         0.0000000       297.4070435         1.7034301        -0.0000000        -0.0000000        -0.0000000         0.0000000         0.0000000         0.0000000
      2509.3999023      2514.5400391         0.0000000         0.0000000       297.4940186         1.6805083        -0.0000000        -0.0000000        -0.0000000         0.0000000         0.0000000         0.0000000
      2519.6899414      2524.8400879         0.0000000         0.0000000       297.5811462         1.6575427        -0.0000000        -0.0000000        -0.0000000         0.0000000         0.0000000         0.0000000
      2529.9899902      2535.1398926         0.0000000         0.0000000       297.6682739         1.6345789        -0.0000000        -0.0000000        -0.0000000         0.0000000         0.0000000         0.0000000
      2540.2900391      2545.4399414         0.0000000         0.0000000       297.7554321         1.6116155        -0.0000000        -0.0000000        -0.0000000         0.0000000         0.0000000         0.0000000
      2550.5898438      2555.7399902         0.0000000         0.0000000       297.8169556         1.5886532        -0.0000000        -0.0000000        -0.0000000         0.0000000         0.0000000         0.0000000
      2560.8901367      2566.0400391         0.0000000         0.0000000       297.8581543         1.5656919        -0.0000000        -0.0000000        -0.0000000         0.0000000         0.0000000         0.0000000
      2571.1899414      2576.3400879         0.0000000         0.0000000       297.8993530         1.5427318        -0.0000000        -0.0000000        -0.0000000         0.0000000         0.0000000         0.0000000
      2581.4899902      2586.6398926         0.0000000         0.0000000       297.9405518         1.5197731        -0.0000000        -0.0000000        -0.0000000         0.0000000         0.0000000         0.0000000
      2591.7900391      2596.9399414         0.0000000         0.0000000       297.9817505         1.4968151        -0.0000000        -0.0000000        -0.0000000         0.0000000         0.0000000         0.0000000
      2602.0898438      2607.2399902         0.0000000         0.0000000       298.0388794         1.4916236        -0.0000000        -0.0000000        -0.0000000         0.0000000         0.0000000         0.0000000
      2612.3901367      2617.5400391         0.0000000         0.0000000       298.1027222         1.4908736        -0.0000000        -0.0000000        -0.0000000         0.0000000         0.0000000         0.0000000
      2622.6899414      2627.8400879         0.0000000         0.0000000       298.1665955         1.4901235        -0.0000000        -0.0000000        -0.0000000         0.0000000         0.0000000         0.0000000
      2633.0000000      2638.1599121         0.0000000         0.0000000       298.2305908         1.4893721        -0.0000000        -0.0000000        -0.0000000         0.0000000         0.0000000         0.0000000
      2643.3100586      2648.4599609         0.0000000         0.0000000       298.2944336         1.4886222        -0.0000000        -0.0000000        -0.0000000         0.0000000         0.0000000         0.0000000
      2653.6098633      2658.7600098         0.0000000         0.0000000       298.3206177         1.4878722        -0.0000000        -0.0000000        -0.0000000         0.0000000         0.0000000         0.0000000
      2663.9101562      2669.0600586         0.0000000         0.0000000       298.3402100         1.4871223        -0.0000000        -0.0000000        -0.0000000         0.0000000         0.0000000         0.0000000
      2674.2099609      2679.3601074         0.0000000         0.0000000       298.3597717         1.4863722        -0.0000000        -0.0000000        -0.0000000         0.0000000         0.0000000         0.0000000
      2684.5102539      2689.6601562         0.0000000         0.0000000       298.3793335         1.4856224        -0.0000000        -0.0000000        -0.0000000         0.0000000         0.0000000         0.0000000
      2694.8100586      2699.9599609         0.0000000         0.0000000       298.3989258         1.4848723        -0.0000000        -0.0000000        -0.0000000         0.0000000         0.0000000         0.0000000
      2705.1201172      2710.2800293         0.0000000         0.0000000       298.4193420         1.4841211        -0.0000000        -0.0000000        -0.0000000         0.0000000         0.0000000         0.0000000
      2715.4299316      2720.5798340         0.0000000         0.0000000       298.4397278         1.4833710        -0.0000000        -0.0000000        -0.0000000         0.0000000         0.0000000         0.0000000
      2725.7299805      2730.8798828         0.0000000         0.0000000       298.4601135         1.4826211        -0.0000000        -0.0000000        -0.0000000         0.0000000         0.0000000         0.0000000
      2736.0300293      2741.1801758         0.0000000         0.0000000       298.4805298         1.4818711        -0.0000000        -0.0000000        -0.0000000         0.0000000         0.0000000         0.0000000
      2746.3300781      2751.4799805         0.0000000         0.0000000       298.5041199         1.4811212        -0.0000000        -0.0000000        -0.0000000         0.0000000         0.0000000         0.0000000
      2756.6401367      2761.8000488         0.0000000         0.0000000       298.5468445         1.4803698        -0.0000000        -0.0000000        -0.0000000         0.0000000         0.0000000         0.0000000
      2766.9499512      2772.0998535         0.0000000         0.0000000       298.5894775         1.4796199        -0.0000000        -0.0000000        -0.0000000         0.0000000         0.0000000         0.0000000
      2777.2500000      2782.3999023         0.0000000         0.0000000       298.6321106         1.4788699        -0.0000000        -0.0000000        -0.0000000         0.0000000         0.0000000         0.0000000
      2787.5600586      2792.7199707         0.0000000         0.0000000       298.6748352         1.4781184        -0.0000000        -0.0000000        -0.0000000         0.0000000         0.0000000         0.0000000
      2797.8701172      2803.0202637         0.0000000         0.0000000       298.7169495         1.4773685        -0.0000000        -0.0000000        -0.0000000         0.0000000         0.0000000         0.0000000
      2808.1701660      2813.3200684         0.0000000         0.0000000       298.7577515         1.4766185        -0.0000000        -0.0000000        -0.0000000         0.0000000         0.0000000         0.0000000
      2818.4799805      2823.6398926         0.0000000         0.0000000       298.7986145         1.4758673        -0.0000000        -0.0000000        -0.0000000         0.0000000         0.0000000         0.0000000
      2828.7900391      2833.9399414         0.0000000         0.0000000       298.8394165         1.4751173        -0.0000000        -0.0000000        -0.0000000         0.0000000         0.0000000         0.0000000
      2839.0898438      2844.2399902         0.0000000         0.0000000       298.8801880         1.4743674        -0.0000000        -0.0000000        -0.0000000         0.0000000         0.0000000         0.0000000
      2849.3999023      2854.5600586         0.0000000         0.0000000       298.9116821         1.4736159        -0.0000000        -0.0000000        -0.0000000         0.0000000         0.0000000         0.0000000
      2859.7099609      2864.8601074         0.0000000         0.0000000       298.9312439         1.4728659        -0.0000000        -0.0000000        -0.0000000         0.0000000         0.0000000         0.0000000
      2870.0200195      2875.1801758         0.0000000         0.0000000       298.9508362         1.4721146        -0.0000000        -0.0000000        -0.0000000         0.0000000         0.0000000         0.0000000
      2880.3300781      2885.4799805         0.0000000         0.0000000       298.9703979         1.4713646        -0.0000000        -0.0000000        -0.0000000         0.0000000         0.0000000         0.0000000
      2890.6298828      2895.7797852         0.0000000         0.0000000       298.9899597         1.4706148        -0.0000000        -0.0000000        -0.0000000         0.0000000         0.0000000         0.0000000
      2900.9399414      2906.0998535         0.0000000         0.0000000       298.9965210         1.4698633        -0.0000000        -0.0000000         0.0000000         0.0000000         0.0000000         0.0000000
      2911.2500000      2916.3999023         0.0000000         0.0000000       298.9940491         1.4691133        -0.0000000        -0.0000000         0.0063842         0.0000000        26.6276226         0.0000000
      2921.5600586      2926.7199707         0.0000000         0.0000000       298.9915771         1.4683621        -0.0000000        -0.0000000         0.0063983         0.0000000        26.6864491         0.0000000
      2931.8701172      2937.0202637         0.0000000         0.0000000       298.9891052         1.4676120        -0.0000000        -0.0000000         0.0063880         0.0000000        26.6435719         0.0000000
      2942.1801758      2947.3400879         0.0000000         0.0000000       298.9866333         1.4668608        -0.0000000        -0.0000000        -0.0000000         0.0000000         0.0000000         0.0000000
      2952.4899902      2957.6398926         0.0000000         0.0000000       299.0176086         1.4661108        -0.0000000        -0.0000000        -0.0000000         0.0000000         0.0000000         0.0000000
      2962.7998047      2967.9599609         0.0000000         0.0000000       299.0603333         1.4653593        -0.0000000        -0.0000000        -0.0000000         0.0000000         0.0000000         0.0000000
      2973.1098633      2978.2597656         0.0000000         0.0000000       299.1029968         1.4646094        -0.0000000        -0.0000000        -0.0000000         0.0000000         0.0000000         0.0000000
      2983.4199219      2988.5798340         0.0000000         0.0000000       299.1457214         1.4638581        -0.0000000        -0.0000000        -0.0000000         0.0000000         0.0000000         0.0000000
      2993.7397461      2998.8999023         0.0000000         0.0000000       299.1884460         1.4631068        -0.0000000        -0.0000000        -0.0000000         0.0000000         0.0000000         0.0000000
      3004.0498047      3009.1999512         0.0000000         0.0000000       299.2121277         1.4623567        -0.0000000        -0.0000000        -0.0000000         0.0000000         0.0000000         0.0000000
      3014.3598633      3019.5200195         0.0000000         0.0000000       299.2335815         1.4616054        -0.0000000        -0.0000000        -0.0000000         0.0000000         0.0000000         0.0000000
      3024.6699219      3029.8200684         0.0000000         0.0000000       299.2550354         1.4608555        -0.0000000        -0.0000000        -0.0000000         0.0000000         0.0000000         0.0000000
      3034.9799805      3040.1401367         0.0000000         0.0000000       299.2764893         1.4601040        -0.0000000        -0.0000000        -0.0000000         0.0000000         0.0000000         0.0000000
      3045.3002930      3050.4602051         0.0000000         0.0000000       299.2978516         1.4593527        -0.0000000        -0.0000000        -0.0000000         0.0000000         0.0000000         0.0000000
      3055.6101074      3060.7600098         0.0000000         0.0000000       299.3172302         1.4586028        -0.0000000        -0.0000000        -0.0000000         0.0000000         0.0000000         0.0000000
      3065.9199219      3071.0800781         0.0000000         0.0000000       299.3366394         1.4578515        -0.0000000        -0.0000000        -0.0000000         0.0000000         0.0000000         0.0000000
      3076.2299805      3081.3798828         0.0000000         0.0000000       299.3559875         1.4571016        -0.0000000        -0.0000000        -0.0000000         0.0000000         0.0000000         0.0000000
      3086.5400391      3091.6999512         0.0000000         0.0000000       299.3753967         1.4563501        -0.0000000        -0.0000000        -0.0000000         0.0000000         0.0000000         0.0000000
      3096.8598633      3102.0197754         0.0000000         0.0000000       299.3997192         1.4555987        -0.0000000        -0.0000000        -0.0000000         0.0000000         0.0000000         0.0000000
      3107.1699219      3112.3200684         0.0000000         0.0000000       299.4442139         1.4548489        -0.0000000        -0.0000000        -0.0000000         0.0000000         0.0000000         0.0000000
      3117.4799805      3122.6398926         0.0000000         0.0000000       299.4888000         1.4540975        -0.0000000        -0.0000000        -0.0000000         0.0000000         0.0000000         0.0000000
      3127.7998047      3132.9599609         0.0000000         0.0000000       299.5333862         1.4533463        -0.0000000        -0.0000000        -0.0000000         0.0000000         0.0000000         0.0000000
      3138.1201172      3143.2800293         0.0000000         0.0000000       299.5779724         1.4525949        -0.0000000        -0.0000000        -0.0000000         0.0000000         0.0000000         0.0000000
      3148.4301758      3153.5800781         0.0000000         0.0000000       299.6221008         1.4502590        -0.0000000        -0.0000000        -0.0000000         0.0000000         0.0000000         0.0000000
      3158.7402344      3163.9001465         0.0000000         0.0000000       299.6656494         1.4449363        -0.0000000        -0.0000000        -0.0000000         0.0000000         0.0000000         0.0000000
      3169.0600586      3174.2202148         0.0000000         0.0000000       299.7091980         1.4396135        -0.0000000        -0.0000000        -0.0000000         0.0000000         0.0000000         0.0000000
      3179.3801270      3184.5400391         0.0000000         0.0000000       299.7527466         1.4342908        -0.0000000        -0.0000000        -0.0000000         0.0000000         0.0000000         0.0000000
      3189.6899414      3194.8400879         0.0000000         0.0000000       299.7962036         1.4289784        -0.0000000        -0.0000000        -0.0000000         0.0000000         0.0000000         0.0000000
      3200.0000000      3205.1599121         0.0000000         0.0000000       299.8392639         1.4236559        -0.0000000        -0.0000000        -0.0000000         0.0000000         0.0000000         0.0000000
      3210.3198242      3215.4799805         0.0000000         0.0000000       299.8817749         1.4183334        -0.0000000        -0.0000000        -0.0000000         0.0000000         0.0000000         0.0000000
      3220.6401367      3225.8000488         0.0000000         0.0000000       299.9242859         1.4130110        -0.0000000        -0.0000000        -0.0000000         0.0000000         0.0000000         0.0000000
      3230.9599609      3236.1201172         0.0000000         0.0000000       299.9667969         1.4076885        -0.0000000        -0.0000000        -0.0000000         0.0000000         0.0000000         0.0000000
      3241.2700195      3246.4199219         0.0000000         0.0000000       300.0092468         1.4023765        -0.0000000        -0.0000000        -0.0000000         0.0000000         0.0000000         0.0000000
      3251.5798340      3256.7397461         0.0000000         0.0000000       300.0366516         1.3970543        -0.0000000        -0.0000000        -0.0000000         0.0000000         0.0000000         0.0000000
      3261.8999023      3267.0598145         0.0000000         0.0000000       300.0560608         1.3917320        -0.0000000        -0.0000000        -0.0000000         0.0000000         0.0000000         0.0000000
      3272.2197266      3277.3798828         0.0000000         0.0000000       300.0754700         1.3864098        -0.0000000        -0.0000000        -0.0000000         0.0000000         0.0000000         0.0000000
      3282.5400391      3287.6999512         0.0000000         0.0000000       300.0948792         1.3810877        -0.0000000        -0.0000000        -0.0000000         0.0000000         0.0000000         0.0000000
      3292.8598633      3298.0197754         0.0000000         0.0000000       300.1142883         1.3757657        -0.0000000        -0.0000000        -0.0000000         0.0000000         0.0000000         0.0000000
      3303.1796875      3308.3398438         0.0000000         0.0000000       300.1340332         1.3704436        -0.0000000        -0.0000000        -0.0000000         0.0000000         0.0000000         0.0000000
      3313.4897461      3318.6398926         0.0000000         0.0000000       300.1537781         1.3651320        -0.0000000        -0.0000000        -0.0000000         0.0000000         0.0000000         0.0000000
      3323.7998047      3328.9599609         0.0000000         0.0000000       300.1736145         1.3598100        -0.0000000        -0.0000000        -0.0000000         0.0000000         0.0000000         0.0000000
      3334.1201172      3339.2800293         0.0000000         0.0000000       300.1934204         1.3544881        -0.0000000        -0.0000000        -0.0000000         0.0000000         0.0000000         0.0000000
      3344.4399414      3349.6000977         0.0000000         0.0000000       300.2132263         1.3491664        -0.0000000        -0.0000000        -0.0000000         0.0000000         0.0000000         0.0000000
      3354.7600098      3359.9199219         0.0000000         0.0000000       300.2558594         1.3438447        -0.0000000        -0.0000000        -0.0000000         0.0000000         0.0000000         0.0000000
      3365.0800781      3370.2399902         0.0000000         0.0000000       300.2994080         1.3385230        -0.0000000        -0.0000000        -0.0000000         0.0000000         0.0000000         0.0000000
      3375.3999023      3380.5600586         0.0000000         0.0000000       300.3429565         1.3332013        -0.0000000        -0.0000000        -0.0000000         0.0000000         0.0000000         0.0000000
      3385.7199707      3390.8798828         0.0000000         0.0000000       300.3865051         1.3278799        -0.0000000        -0.0000000        -0.0000000         0.0000000         0.0000000         0.0000000
      3396.0400391      3401.1999512         0.0000000         0.0000000       300.4274597         1.3225584        -0.0000000        -0.0000000        -0.0000000         0.0000000         0.0000000         0.0000000
      3406.3598633      3411.5200195         0.0000000         0.0000000       300.4487305         1.3172368        -0.0000000        -0.0000000        -0.0000000         0.0000000         0.0000000         0.0000000
      3416.6801758      3421.8400879         0.0000000         0.0000000       300.4700012         1.3119154        -0.0000000        -0.0000000        -0.0000000         0.0000000         0.0000000         0.0000000
      3427.0000000      3432.1599121         0.0000000         0.0000000       300.4912415         1.3065941        -0.0000000        -0.0000000        -0.0000000         0.0000000         0.0000000         0.0000000
      3437.3198242      3442.4799805         0.0000000         0.0000000       300.5125122         1.3012727        -0.0000000        -0.0000000        -0.0000000         0.0000000         0.0000000         0.0000000
      3447.6401367      3452.8000488         0.0000000         0.0000000       300.5399475         1.2959515        -0.0000000        -0.0000000        -0.0000000         0.0000000         0.0000000         0.0000000
      3457.9599609      3463.1201172         0.0000000         0.0000000       300.5838928         1.2906303        -0.0000000        -0.0000000        -0.0000000         0.0000000         0.0000000         0.0000000
      3468.2800293      3473.4399414         0.0000000         0.0000000       300.6278687         1.2853093        -0.0000000        -0.0000000        -0.0000000         0.0000000         0.0000000         0.0000000
      3478.6000977      3483.7600098         0.0000000         0.0000000       300.6718140         1.2799882        -0.0000000        -0.0000000        -0.0000000         0.0000000         0.0000000         0.0000000
      3488.9199219      3494.0800781         0.0000000         0.0000000       300.7157898         1.2746673        -0.0000000        -0.0000000        -0.0000000         0.0000000         0.0000000         0.0000000
      3499.2399902      3504.3999023         0.0000000         0.0000000       300.7791138         1.2649316        -0.0000000        -0.0000000        -0.0000000         0.0000000         0.0000000         0.0000000
      3509.5600586      3514.7199707         0.0000000         0.0000000       300.8684692         1.2492558        -0.0000000        -0.0000000        -0.0000000         0.0000000         0.0000000         0.0000000
      3519.8798828      3525.0400391         0.0000000         0.0000000       300.9578552         1.2335805        -0.0000000        -0.0000000        -0.0000000         0.0000000         0.0000000         0.0000000
      3530.2001953      3535.3601074         0.0000000         0.0000000       301.0472107         1.2179055        -0.0000000        -0.0000000        -0.0000000         0.0000000         0.0000000         0.0000000
      3540.5200195      3545.6799316         0.0000000         0.0000000       301.1365967         1.2022316        -0.0000000        -0.0000000        -0.0000000         0.0000000         0.0000000         0.0000000
      3550.8398438      3556.0000000         0.0000000         0.0000000       301.2124023         1.1865578        -0.0000000        -0.0000000        -0.0000000         0.0000000         0.0000000         0.0000000
      3561.1699219      3566.3398438         0.0000000         0.0000000       301.2785645         1.1708544        -0.0000000        -0.0000000        -0.0000000         0.0000000         0.0000000         0.0000000
      3571.5000000      3576.6599121         0.0000000         0.0000000       301.3446350         1.1551814        -0.0000000        -0.0000000        -0.0000000         0.0000000         0.0000000         0.0000000
      3581.8198242      3586.9797363         0.0000000         0.0000000       301.4106750         1.1395094        -0.0000000        -0.0000000        -0.0000000         0.0000000         0.0000000         0.0000000
      3592.1396484      3597.2998047         0.0000000         0.0000000       301.4767151         1.1238377        -0.0000000        -0.0000000        -0.0000000         0.0000000         0.0000000         0.0000000
      3602.4599609      3607.6198730         0.0000000         0.0000000       301.5447388         1.1563835        -0.0000000        -0.0000000        -0.0000000         0.0000000         0.0000000         0.0000000
      3612.7797852      3617.9399414         0.0000000         0.0000000       301.6134644         1.1984431        -0.0000000        -0.0000000        -0.0000000         0.0000000         0.0000000         0.0000000
      3623.0998535      3628.2597656         0.0000000         0.0000000       301.6821899         1.2405052        -0.0000000        -0.0000000        -0.0000000         0.0000000         0.0000000         0.0000000
      3633.4299316      3638.6000977         0.0000000         0.0000000       301.7510681         1.2826545        -0.0000000        -0.0000000        -0.0000000         0.0000000         0.0000000         0.0000000
      3643.7600098      3648.9199219         0.0000000         0.0000000       301.8197937         1.3247238        -0.0000000        -0.0000000        -0.0000000         0.0000000         0.0000000         0.0000000
      3654.0800781      3659.2399902         0.0000000         0.0000000       301.8656311         1.3667974        -0.0000000        -0.0000000        -0.0000000         0.0000000         0.0000000         0.0000000
      3664.3999023      3669.5600586         0.0000000         0.0000000       301.9087524         1.4088749        -0.0000000        -0.0000000        -0.0000000         0.0000000         0.0000000         0.0000000
      3674.7199707      3679.8798828         0.0000000         0.0000000       301.9519043         1.4509546        -0.0000000        -0.0000000        -0.0000000         0.0000000         0.0000000         0.0000000
      3685.0400391      3690.1999512         0.0000000         0.0000000       301.9950562         1.4922235        -0.0000000        -0.0000000        -0.0000000         0.0000000         0.0000000         0.0000000
      3695.3701172      3700.5400391         0.0000000         0.0000000       302.0419312         1.4922235        -0.0000000        -0.0000000        -0.0000000         0.0000000         0.0000000         0.0000000
      3705.7001953      3710.8601074         0.0000000         0.0000000       302.1552429         1.4922235        -0.0000000        -0.0000000        -0.0000000         0.0000000         0.0000000         0.0000000
      3716.0200195      3721.1801758         0.0000000         0.0000000       302.2685547         1.4922235        -0.0000000        -0.0000000        -0.0000000         0.0000000         0.0000000         0.0000000
      3726.3403320      3731.5002441         0.0000000         0.0000000       302.3818665         1.4922235        -0.0000000        -0.0000000        -0.0000000         0.0000000         0.0000000         0.0000000
      3736.6701660      3741.8400879         0.0000000         0.0000000       302.4953918         1.3994879        -0.0000000        -0.0000000        -0.0000000         0.0000000         0.0000000         0.0000000
      3747.0000000      3752.1599121         0.0000000         0.0000000       302.6091003         1.2356597        -0.0000000        -0.0000000        -0.0000000         0.0000000         0.0000000         0.0000000
      3757.3198242      3762.4799805         0.0000000         0.0000000       302.7242737         1.0718814        -0.0000000        -0.0000000        -0.0000000         0.0000000         0.0000000         0.0000000
      3767.6401367      3772.8000488         0.0000000         0.0000000       302.8394470         0.9081566        -0.0000000        -0.0000000        -0.0000000         0.0000000         0.0000000         0.0000000
      3777.9699707      3783.1398926         0.0000000         0.0000000       302.9548340         0.7441718        -0.0000000        -0.0000000        -0.0000000         0.0000000         0.0000000         0.0000000
      3788.2998047      3793.4599609         0.0000000         0.0000000       303.0700073         0.7136161        -0.0000000        -0.0000000        -0.0000000         0.0000000         0.0000000         0.0000000
      3798.6198730      3803.7797852         0.0000000         0.0000000       303.1676636         0.6951619        -0.0000000        -0.0000000        -0.0000000         0.0000000         0.0000000         0.0000000
      3808.9499512      3814.1201172         0.0000000         0.0000000       303.2350769         0.6766717        -0.0000000        -0.0000000        -0.0000000         0.0000000         0.0000000         0.0000000
      3819.2800293      3824.4399414         0.0000000         0.0000000       303.3023376         0.6582188        -0.0000000        -0.0000000        -0.0000000         0.0000000         0.0000000         0.0000000
      3829.6000977      3834.7600098         0.0000000         0.0000000       303.3696289         0.6397662        -0.0000000        -0.0000000        -0.0000000         0.0000000         0.0000000         0.0000000
      3839.9199219      3845.0800781         0.0000000         0.0000000       303.4369202         0.6303972        -0.0000000        -0.0000000        -0.0000000         0.0000000         0.0000000         0.0000000
      3850.2500000      3855.4201660         0.0000000         0.0000000       303.5042114         0.6303972        -0.0000000        -0.0000000        -0.0000000         0.0000000         0.0000000         0.0000000
      3860.5800781      3865.7402344         0.0000000         0.0000000       303.5713196         0.6303972        -0.0000000        -0.0000000        -0.0000000         0.0000000         0.0000000         0.0000000
      3870.9001465      3876.0600586         0.0000000         0.0000000       303.6383972         0.6303972        -0.0000000        -0.0000000        -0.0000000         0.0000000         0.0000000         0.0000000
      3881.2299805      3886.3999023         0.0000000         0.0000000       303.7055969         0.6303972        -0.0000000        -0.0000000        -0.0000000         0.0000000         0.0000000         0.0000000
      3891.5600586      3896.7199707         0.0000000         0.0000000       303.7726746         0.6303972        -0.0000000        -0.0000000        -0.0000000         0.0000000         0.0000000         0.0000000
      3901.8798828      3907.0400391         0.0000000         0.0000000       303.8569336         0.6303972        -0.0000000        -0.0000000        -0.0000000         0.0000000         0.0000000         0.0000000
      3912.2099609      3917.3798828         0.0000000         0.0000000       303.9493713         0.6303972        -0.0000000        -0.0000000        -0.0000000         0.0000000         0.0000000         0.0000000
      3922.5400391      3927.6999512         0.0000000         0.0000000       304.0416260         0.6303972        -0.0000000        -0.0000000        -0.0000000         0.0000000         0.0000000         0.0000000
      3932.8701172      3938.0400391         0.0000000         0.0000000       304.1340637         0.6303972        -0.0000000        -0.0000000        -0.0000000         0.0000000         0.0000000         0.0000000
      3943.2001953      3948.3601074         0.0000000         0.0000000       304.2263489         0.6303972        -0.0000000        -0.0000000        -0.0000000         0.0000000         0.0000000         0.0000000
      3953.5200195      3958.6799316         0.0000000         0.0000000       304.3192749         0.6303972        -0.0000000        -0.0000000        -0.0000000         0.0000000         0.0000000         0.0000000
      3963.8500977      3969.0202637         0.0000000         0.0000000       304.4125671         0.6303972        -0.0000000        -0.0000000        -0.0000000         0.0000000         0.0000000         0.0000000
      3974.1801758      3979.3400879         0.0000000         0.0000000       304.5056458         0.6303972        -0.0000000        -0.0000000        -0.0000000         0.0000000         0.0000000         0.0000000
      3984.5100098      3989.6799316         0.0000000         0.0000000       304.5989075         0.6303972        -0.0000000        -0.0000000        -0.0000000         0.0000000         0.0000000         0.0000000
      3994.8398438      4000.0000000         0.0000000         0.0000000       304.6919861         0.6303972        -0.0000000        -0.0000000        -0.0000000         0.0000000         0.0000000         0.0000000
 *********Next time ****************
